(-77.83370752521397, 36.371098038233974, 12.593992413798883, -40.6533464684238, 81.84448550423424, -27.634924027580322, -66.31440148212297, 84.3295916364643, -85.42828042264732, -12.543517985701769, -83.3658194922163, -39.38745561736978, 40.360147547387925, 86.28565525838037, 83.29441235173347)
convex polytope:
point (0.255872501979281, -0.0832695745380651, 0.011480519164155047, -0.04347218066401669, 0.29302934474495157, -0.3684462367155202, 0.05001955502466701, 0.3764038857590286, 0.28230558183106585, 0.16161047057450362, 0.2238337014871521, 0.15664086206346828, 0.3552462979540422, -0.41291359447300746, 0.2874426908305655) with normal (0.255872501979281, -0.0832695745380651, 0.011480519164155047, -0.04347218066401669, 0.29302934474495157, -0.3684462367155202, 0.05001955502466701, 0.3764038857590286, 0.28230558183106585, 0.16161047057450362, 0.2238337014871521, 0.15664086206346828, 0.3552462979540422, -0.41291359447300746, 0.2874426908305655)
point (0.2535786088006054, 0.20708936038838255, -0.30418434752741824, -0.4180331397689441, 0.25023157318194256, 0.13142679424949463, -0.10895315980710488, 0.2979833716416049, -0.07222951336153871, 0.4353394874936597, -0.05929524808494472, 0.4263901164969172, 0.19396090277866948, -0.16445791620064715, 0.015782002568905044) with normal (0.2535786088006054, 0.20708936038838255, -0.30418434752741824, -0.4180331397689441, 0.25023157318194256, 0.13142679424949463, -0.10895315980710488, 0.2979833716416049, -0.07222951336153871, 0.4353394874936597, -0.05929524808494472, 0.4263901164969172, 0.19396090277866948, -0.16445791620064715, 0.015782002568905044)
point (-0.3804443241546039, 0.11103474217810887, -0.05292294267478236, -0.08995744929781427, -0.39557604721902856, 0.3267442949786359, -0.3374385822291342, 0.3156021440322386, 0.05449224527032352, 0.2545283043162617, 0.25458358423630656, 0.23170784748646545, 0.22415073812005917, 0.33455578100708805, 0.08307799784678713) with normal (-0.3804443241546039, 0.11103474217810887, -0.05292294267478236, -0.08995744929781427, -0.39557604721902856, 0.3267442949786359, -0.3374385822291342, 0.3156021440322386, 0.05449224527032352, 0.2545283043162617, 0.25458358423630656, 0.23170784748646545, 0.22415073812005917, 0.33455578100708805, 0.08307799784678713)
point (0.17915264893460708, -0.06977385244639625, -0.22680210835041772, -0.12980516892973923, 0.3629607022338508, -0.38323418418539884, 0.35981719389490974, 0.34131872453991263, 0.3470061587255532, 0.33915903679865067, -0.07978877918238513, -0.11832017957096207, -0.15980386944970082, 0.005031046919856442, -0.29799485714715224) with normal (0.17915264893460708, -0.06977385244639625, -0.22680210835041772, -0.12980516892973923, 0.3629607022338508, -0.38323418418539884, 0.35981719389490974, 0.34131872453991263, 0.3470061587255532, 0.33915903679865067, -0.07978877918238513, -0.11832017957096207, -0.15980386944970082, 0.005031046919856442, -0.29799485714715224)
point (0.45390378273443865, 0.22844331553595812, -0.30264206598192483, 0.2051156150168208, 0.0737147701991825, 0.281254517474902, 0.18918927733284832, 0.29131155553786875, -0.3736177339814404, 0.40622664642733713, 0.18836895634002251, -0.04412715554518002, 0.1026486481810847, 0.16550165134658726, -0.15152387743711276) with normal (0.45390378273443865, 0.22844331553595812, -0.30264206598192483, 0.2051156150168208, 0.0737147701991825, 0.281254517474902, 0.18918927733284832, 0.29131155553786875, -0.3736177339814404, 0.40622664642733713, 0.18836895634002251, -0.04412715554518002, 0.1026486481810847, 0.16550165134658726, -0.15152387743711276)
point (0.08669799225541475, -0.18274996532472745, 0.3308932260904911, 0.21469550292572598, -0.06747845861585008, -0.10916462866269314, -0.20103324847233842, 0.20201531523202887, 0.3399484847447417, -0.40108549040218433, -0.0371815541151727, 0.3185934632794615, 0.3532912999738759, -0.3845727992637782, 0.2318983028887425) with normal (0.08669799225541475, -0.18274996532472745, 0.3308932260904911, 0.21469550292572598, -0.06747845861585008, -0.10916462866269314, -0.20103324847233842, 0.20201531523202887, 0.3399484847447417, -0.40108549040218433, -0.0371815541151727, 0.3185934632794615, 0.3532912999738759, -0.3845727992637782, 0.2318983028887425)
point (-0.0738041728595902, -0.19888198169416987, 0.22522102270543481, 0.4792211328054819, -0.3010658044651601, -0.339248815525869, 0.050731704807369285, 0.05748439023503237, 0.09100751071794237, 0.2997013433879533, 0.20623955328710097, -0.3060995208340172, -0.2539984079949818, 0.2880172787081772, -0.28497172395484843) with normal (-0.0738041728595902, -0.19888198169416987, 0.22522102270543481, 0.4792211328054819, -0.3010658044651601, -0.339248815525869, 0.050731704807369285, 0.05748439023503237, 0.09100751071794237, 0.2997013433879533, 0.20623955328710097, -0.3060995208340172, -0.2539984079949818, 0.2880172787081772, -0.28497172395484843)
point (-0.25173019704740135, -0.11258107354678416, -0.32899403406341693, 0.42412426733237907, 0.14433081848403292, -0.42799139663076763, -0.014994176735902502, 0.377645713087167, -0.2798196851813068, 0.10265167866681855, 0.1991978005824618, -0.2696530456631876, 0.23028022347505975, 0.12139198843296913, 0.14140672600981696) with normal (-0.25173019704740135, -0.11258107354678416, -0.32899403406341693, 0.42412426733237907, 0.14433081848403292, -0.42799139663076763, -0.014994176735902502, 0.377645713087167, -0.2798196851813068, 0.10265167866681855, 0.1991978005824618, -0.2696530456631876, 0.23028022347505975, 0.12139198843296913, 0.14140672600981696)
point (0.17032436994276073, 0.33612018708810126, -0.02151988006146725, 0.30072832591009324, 0.05037769506612024, 0.3193819734553003, -0.4262746850205957, -0.13354392140029145, 0.41205148504308314, -0.2786133160925456, 0.3562642780921767, 0.23993794918536182, -0.1532877620170447, -0.016016329381636094, 0.08582209568050994) with normal (0.17032436994276073, 0.33612018708810126, -0.02151988006146725, 0.30072832591009324, 0.05037769506612024, 0.3193819734553003, -0.4262746850205957, -0.13354392140029145, 0.41205148504308314, -0.2786133160925456, 0.3562642780921767, 0.23993794918536182, -0.1532877620170447, -0.016016329381636094, 0.08582209568050994)
point (-0.12847328367703034, 0.38803507367418594, -0.21413896867697713, -0.09570178036496589, 0.41944664752039584, -0.16444415965178458, -0.007799667352379861, 0.42301238694203663, 0.15933981924634105, 0.24203780644422154, -0.36098774808857437, -0.0719004765367801, 0.3389589673174369, 0.24816263407518868, 4.4408766751114094E-4) with normal (-0.12847328367703034, 0.38803507367418594, -0.21413896867697713, -0.09570178036496589, 0.41944664752039584, -0.16444415965178458, -0.007799667352379861, 0.42301238694203663, 0.15933981924634105, 0.24203780644422154, -0.36098774808857437, -0.0719004765367801, 0.3389589673174369, 0.24816263407518868, 4.4408766751114094E-4)
point (-0.30698672135158056, 0.26822926492795457, -0.3532146466098544, 0.3300762297399676, -0.07653093907541642, -0.3310626231379618, 0.13425684013424694, 0.2765459290622617, 0.2916563989934772, 0.15689624071324954, 0.29689214432575783, 0.10903297893049638, -0.252402587419549, -0.02909559425060016, -0.34040075533254766) with normal (-0.30698672135158056, 0.26822926492795457, -0.3532146466098544, 0.3300762297399676, -0.07653093907541642, -0.3310626231379618, 0.13425684013424694, 0.2765459290622617, 0.2916563989934772, 0.15689624071324954, 0.29689214432575783, 0.10903297893049638, -0.252402587419549, -0.02909559425060016, -0.34040075533254766)
point (-0.2662549164151034, -0.05594526123831649, -0.3773769972071159, -0.2709824598284229, 0.15928992713244758, 0.07371390786585927, 0.05711674323904958, -0.25483514679025776, 0.4289179549603653, 0.2283492871969841, 0.28268311941671664, -0.2630200726381768, -0.3309623579159546, -0.05634047510212966, 0.33646636536352853) with normal (-0.2662549164151034, -0.05594526123831649, -0.3773769972071159, -0.2709824598284229, 0.15928992713244758, 0.07371390786585927, 0.05711674323904958, -0.25483514679025776, 0.4289179549603653, 0.2283492871969841, 0.28268311941671664, -0.2630200726381768, -0.3309623579159546, -0.05634047510212966, 0.33646636536352853)
point (0.41754088857744276, -0.15482022123910735, 0.3808482734773028, 0.031688284465881525, -0.40890895933256427, 0.15086770913187067, 0.031054314138551514, -0.1899758137390556, 0.2732971964714457, 0.14713069150383307, -0.18602427537668914, 0.04832444388803518, -0.436600218508511, 0.29623428502177973, 0.13024739710537808) with normal (0.41754088857744276, -0.15482022123910735, 0.3808482734773028, 0.031688284465881525, -0.40890895933256427, 0.15086770913187067, 0.031054314138551514, -0.1899758137390556, 0.2732971964714457, 0.14713069150383307, -0.18602427537668914, 0.04832444388803518, -0.436600218508511, 0.29623428502177973, 0.13024739710537808)
point (-0.037487599047118216, -0.14504983606474053, 0.03997903304695258, 0.01790818807586602, -0.1485842489336393, 0.1577783138007634, -0.32593248930510654, 0.3691239476356064, -0.2979347655023609, -0.38327827250573193, -0.33410374346469907, -0.36017048408846397, -0.024173171856870877, 0.2571934476756588, 0.37740189137252445) with normal (-0.037487599047118216, -0.14504983606474053, 0.03997903304695258, 0.01790818807586602, -0.1485842489336393, 0.1577783138007634, -0.32593248930510654, 0.3691239476356064, -0.2979347655023609, -0.38327827250573193, -0.33410374346469907, -0.36017048408846397, -0.024173171856870877, 0.2571934476756588, 0.37740189137252445)
point (-0.11589481815209572, -0.3344942414460421, 0.18327739716861613, -0.3568591732601995, 0.32502667024195203, 0.2732736769527025, -0.2960564364482955, 0.31073079755629246, -0.0445594408439754, -0.3113028712056834, -0.07920384441728069, 0.2906251642807146, 0.29310183484961255, -0.27084169871802216, 0.017996413149500016) with normal (-0.11589481815209572, -0.3344942414460421, 0.18327739716861613, -0.3568591732601995, 0.32502667024195203, 0.2732736769527025, -0.2960564364482955, 0.31073079755629246, -0.0445594408439754, -0.3113028712056834, -0.07920384441728069, 0.2906251642807146, 0.29310183484961255, -0.27084169871802216, 0.017996413149500016)
point (-0.23164853937165297, 0.17479394142971755, -0.13705027795299068, -0.17922757397647754, 0.18932535737507553, 0.34215232997776074, 0.3992367645887942, -0.1291650489215255, -0.34328394848512483, -0.28855717096538935, -0.11033197278740639, 0.4511041293347684, 0.10853322770016417, 0.17741184534244248, -0.27543275778557247) with normal (-0.23164853937165297, 0.17479394142971755, -0.13705027795299068, -0.17922757397647754, 0.18932535737507553, 0.34215232997776074, 0.3992367645887942, -0.1291650489215255, -0.34328394848512483, -0.28855717096538935, -0.11033197278740639, 0.4511041293347684, 0.10853322770016417, 0.17741184534244248, -0.27543275778557247)
point (0.27862856866708124, 0.2704539500152684, 0.39325085881169614, 0.03709821416881086, -0.2607110619164837, 0.27661703064316084, 0.21754001602978001, -0.48721252936952236, 0.021451418335889618, 0.34940108097957484, 0.033252885917338944, 0.24846648530034754, 0.03251533974668419, 0.14478191988026518, 0.23792780475590078) with normal (0.27862856866708124, 0.2704539500152684, 0.39325085881169614, 0.03709821416881086, -0.2607110619164837, 0.27661703064316084, 0.21754001602978001, -0.48721252936952236, 0.021451418335889618, 0.34940108097957484, 0.033252885917338944, 0.24846648530034754, 0.03251533974668419, 0.14478191988026518, 0.23792780475590078)
point (-0.45254005816130705, -0.20228230618454188, 0.09176423471817141, 0.0585561396886822, 0.32147556995299253, -0.36326755008013634, 0.29845742808101716, 0.3057782517835588, 0.05758838628197819, 0.20459329558219994, 0.15135088419289686, -0.3218488389138057, 0.19074245153955813, -0.21808928617178489, 0.26256163807166805) with normal (-0.45254005816130705, -0.20228230618454188, 0.09176423471817141, 0.0585561396886822, 0.32147556995299253, -0.36326755008013634, 0.29845742808101716, 0.3057782517835588, 0.05758838628197819, 0.20459329558219994, 0.15135088419289686, -0.3218488389138057, 0.19074245153955813, -0.21808928617178489, 0.26256163807166805)
point (-0.22077160540080892, 0.17043536946882604, -0.295202334855585, 0.04147915276163198, -0.015890613943824808, 0.21862155300685981, -0.14890430697892149, 0.355870422979526, 0.29201381163491263, 0.14636438134195004, 0.35111531668241414, 0.3943856535042588, -0.37990434803574774, 0.0744503325315306, 0.31795569745636404) with normal (-0.22077160540080892, 0.17043536946882604, -0.295202334855585, 0.04147915276163198, -0.015890613943824808, 0.21862155300685981, -0.14890430697892149, 0.355870422979526, 0.29201381163491263, 0.14636438134195004, 0.35111531668241414, 0.3943856535042588, -0.37990434803574774, 0.0744503325315306, 0.31795569745636404)
point (0.2834647176854132, -0.28538027489705453, -0.042481028970250446, 0.358893986527059, -0.3343902518891874, 0.19741586361218497, 0.014726247584408696, -0.2607800332450014, -0.023688632771099255, 0.10461401122146964, -0.3671084670518568, 0.29067193764549487, -0.35536603323386484, -0.2243181904778059, 0.2849836074765426) with normal (0.2834647176854132, -0.28538027489705453, -0.042481028970250446, 0.358893986527059, -0.3343902518891874, 0.19741586361218497, 0.014726247584408696, -0.2607800332450014, -0.023688632771099255, 0.10461401122146964, -0.3671084670518568, 0.29067193764549487, -0.35536603323386484, -0.2243181904778059, 0.2849836074765426)
point (0.37586530483405595, -0.17081270461909526, -0.3233263040183442, 0.3021822679446214, 0.21817106890447716, 0.056576042809113984, -0.15765398159288033, 0.382980798804111, 0.42052947488535963, 0.044827188229789164, -0.13017731091765347, -0.34290417970896353, -0.14685116346723276, 0.26983947378106093, -0.060026710114054097) with normal (0.37586530483405595, -0.17081270461909526, -0.3233263040183442, 0.3021822679446214, 0.21817106890447716, 0.056576042809113984, -0.15765398159288033, 0.382980798804111, 0.42052947488535963, 0.044827188229789164, -0.13017731091765347, -0.34290417970896353, -0.14685116346723276, 0.26983947378106093, -0.060026710114054097)
point (0.0049986198625939955, -0.3598720530975481, 0.004529779719929825, 0.164159586664276, -0.3640904160255518, 0.4433748413453254, 0.0025343483115080785, -0.3777851114408771, -0.021605362749984543, 0.46642694768631, -0.09872174816254246, -0.27609328497617674, 0.05779075513979209, 0.11062883297163331, 0.22815400766213226) with normal (0.0049986198625939955, -0.3598720530975481, 0.004529779719929825, 0.164159586664276, -0.3640904160255518, 0.4433748413453254, 0.0025343483115080785, -0.3777851114408771, -0.021605362749984543, 0.46642694768631, -0.09872174816254246, -0.27609328497617674, 0.05779075513979209, 0.11062883297163331, 0.22815400766213226)
point (-0.12647449388272947, 0.02930776019878975, -0.1942147040121268, 0.09286152755679623, -0.3954658427311133, 0.24200872178851737, 0.42100377192969896, 0.37955597578541683, 0.2998167156114173, 0.01663540350883454, 0.44051501153807604, 0.18576573382173578, -0.1511969517532377, -0.2373773646860239, -0.050956449689434094) with normal (-0.12647449388272947, 0.02930776019878975, -0.1942147040121268, 0.09286152755679623, -0.3954658427311133, 0.24200872178851737, 0.42100377192969896, 0.37955597578541683, 0.2998167156114173, 0.01663540350883454, 0.44051501153807604, 0.18576573382173578, -0.1511969517532377, -0.2373773646860239, -0.050956449689434094)
point (0.3202036879135028, -0.07470655529980241, 0.02496142411754953, 0.11352107313178549, -0.2892106200303775, -0.21650388122812833, 0.30026558488459293, -0.3846865447814132, 0.3326059563652362, -0.4030061505767623, 0.09551683219029171, -0.17910985028471127, -0.35696216812294423, 0.23162160317559424, -0.12001462300084305) with normal (0.3202036879135028, -0.07470655529980241, 0.02496142411754953, 0.11352107313178549, -0.2892106200303775, -0.21650388122812833, 0.30026558488459293, -0.3846865447814132, 0.3326059563652362, -0.4030061505767623, 0.09551683219029171, -0.17910985028471127, -0.35696216812294423, 0.23162160317559424, -0.12001462300084305)
point (0.20517583792148453, 0.40302048557521053, 0.24524427075234395, -0.1578625657126409, 0.021613078850573293, -0.4123025228822414, 0.2986211114855482, -0.2977793704973234, 0.36501395377477186, 0.0027671338087149294, 0.12330391571301542, -0.1629745979054833, 0.19983720002326055, 0.014438782569893605, -0.3833452762861991) with normal (0.20517583792148453, 0.40302048557521053, 0.24524427075234395, -0.1578625657126409, 0.021613078850573293, -0.4123025228822414, 0.2986211114855482, -0.2977793704973234, 0.36501395377477186, 0.0027671338087149294, 0.12330391571301542, -0.1629745979054833, 0.19983720002326055, 0.014438782569893605, -0.3833452762861991)
point (-0.1888336337949186, 0.10048263348378565, -0.35280259467813435, 0.15770112244095702, -0.26970063335351113, -0.4641879000599783, 0.35085134125751694, 0.23789277825207494, -0.1372231834807132, 0.06294479305491443, -0.27236088133825953, -0.09719238295490197, 0.13993732265554856, -0.3136887326470864, -0.3355669458964776) with normal (-0.1888336337949186, 0.10048263348378565, -0.35280259467813435, 0.15770112244095702, -0.26970063335351113, -0.4641879000599783, 0.35085134125751694, 0.23789277825207494, -0.1372231834807132, 0.06294479305491443, -0.27236088133825953, -0.09719238295490197, 0.13993732265554856, -0.3136887326470864, -0.3355669458964776)
point (0.10411413376039441, -0.26609463511562054, -0.4129628326588479, -0.2860659101624642, -0.2717088633133063, 0.034093510770231546, 0.3998969976389214, -0.21484983089099063, -0.08902014630366548, -0.2383325384524517, -0.05738348033595466, -0.22520586172063733, 0.32906742841628916, -0.3896336805454982, 0.07796439574120365) with normal (0.10411413376039441, -0.26609463511562054, -0.4129628326588479, -0.2860659101624642, -0.2717088633133063, 0.034093510770231546, 0.3998969976389214, -0.21484983089099063, -0.08902014630366548, -0.2383325384524517, -0.05738348033595466, -0.22520586172063733, 0.32906742841628916, -0.3896336805454982, 0.07796439574120365)
point (0.4019141738472167, 0.21050247511456094, 0.07069196791740265, 0.38875851247659277, -0.1425005082104011, -0.16470445797660052, -0.37886075662310226, -0.1913337431457181, -0.09815757064129507, -0.28092480417316745, -0.3871669266011002, 0.3553410889607869, -0.06985946020963694, 0.16291132153916268, -0.11960571177667198) with normal (0.4019141738472167, 0.21050247511456094, 0.07069196791740265, 0.38875851247659277, -0.1425005082104011, -0.16470445797660052, -0.37886075662310226, -0.1913337431457181, -0.09815757064129507, -0.28092480417316745, -0.3871669266011002, 0.3553410889607869, -0.06985946020963694, 0.16291132153916268, -0.11960571177667198)
point (0.1645175317935938, 0.3266913638290477, -0.26593462562405606, 0.13174157742607492, 0.2986269855528744, 0.2535568471377806, 0.21569108471059398, -0.411720324138617, 0.1349719489094833, -0.15269084368791183, 0.2702433721486192, 0.1751018045567225, -0.01863911713345552, 0.36135013360743573, 0.3639764649078288) with normal (0.1645175317935938, 0.3266913638290477, -0.26593462562405606, 0.13174157742607492, 0.2986269855528744, 0.2535568471377806, 0.21569108471059398, -0.411720324138617, 0.1349719489094833, -0.15269084368791183, 0.2702433721486192, 0.1751018045567225, -0.01863911713345552, 0.36135013360743573, 0.3639764649078288)
point (0.14554783778485922, 0.1758204620493729, 0.041925487070050844, -0.4034897469576783, -0.08416333464186035, 0.40774447034388905, -0.3202190067756097, 0.3666822559180263, -0.3345266539216202, -0.36773162004459276, -0.054738064651572244, 0.1654234376074011, -0.2519315925151846, 0.17899891097636647, 4.765932124009648E-4) with normal (0.14554783778485922, 0.1758204620493729, 0.041925487070050844, -0.4034897469576783, -0.08416333464186035, 0.40774447034388905, -0.3202190067756097, 0.3666822559180263, -0.3345266539216202, -0.36773162004459276, -0.054738064651572244, 0.1654234376074011, -0.2519315925151846, 0.17899891097636647, 4.765932124009648E-4)
point (-0.15940182646218434, 0.3829325660793789, -0.19080244226461518, -0.023777941508947877, 0.22179401453058126, 0.32918556963312484, 0.064652573737154, 0.28404380463671336, 0.2472451482138943, -0.18683072416427843, 0.31511456580507075, -0.4309805966122706, 0.2880393805397203, 0.17858912869866023, 0.22940809493852726) with normal (-0.15940182646218434, 0.3829325660793789, -0.19080244226461518, -0.023777941508947877, 0.22179401453058126, 0.32918556963312484, 0.064652573737154, 0.28404380463671336, 0.2472451482138943, -0.18683072416427843, 0.31511456580507075, -0.4309805966122706, 0.2880393805397203, 0.17858912869866023, 0.22940809493852726)
point (-0.08590926589218296, -0.40015842355190334, -0.1984158271339785, -0.27117738141951264, 0.1855148569161481, -0.2974278595404959, 0.0033366501582140205, -0.4075939245368907, -0.13348361495662642, -0.40741425570321393, -0.13707184098313063, -0.1499415844644803, -0.38758041359652395, 0.12288929729596876, -0.20041958780151362) with normal (-0.08590926589218296, -0.40015842355190334, -0.1984158271339785, -0.27117738141951264, 0.1855148569161481, -0.2974278595404959, 0.0033366501582140205, -0.4075939245368907, -0.13348361495662642, -0.40741425570321393, -0.13707184098313063, -0.1499415844644803, -0.38758041359652395, 0.12288929729596876, -0.20041958780151362)
point (-0.12577082931880013, -0.03475437411302617, -0.3101917203083423, 0.16926633816769093, 0.20717982960577197, 0.2338947708365929, 0.41239681267918843, 0.08639379983532457, 0.13840560942857738, -0.37434576032242456, 0.26391323831993274, -0.18598321111215504, 0.3657812246228679, 0.12532465951424468, 0.4121960483460118) with normal (-0.12577082931880013, -0.03475437411302617, -0.3101917203083423, 0.16926633816769093, 0.20717982960577197, 0.2338947708365929, 0.41239681267918843, 0.08639379983532457, 0.13840560942857738, -0.37434576032242456, 0.26391323831993274, -0.18598321111215504, 0.3657812246228679, 0.12532465951424468, 0.4121960483460118)
point (0.0542353564285737, -0.1196379126697372, 0.3464285215645986, 0.3443820522539477, -0.3983652819474474, -0.38811872115767104, -0.245383978902386, -0.2513951904610908, 0.1318329265269937, -0.1876251620129782, 0.3493917265843939, 0.04018960063528874, 0.18290586803741338, -0.2872579642828654, -0.13836581906518058) with normal (0.0542353564285737, -0.1196379126697372, 0.3464285215645986, 0.3443820522539477, -0.3983652819474474, -0.38811872115767104, -0.245383978902386, -0.2513951904610908, 0.1318329265269937, -0.1876251620129782, 0.3493917265843939, 0.04018960063528874, 0.18290586803741338, -0.2872579642828654, -0.13836581906518058)
point (0.43045003662162384, -0.241710118542206, -0.2193214151049964, -0.14703266534192866, -0.3344111543312169, 0.43028425848660945, 0.3183538312356131, 0.10151703632172135, -0.10396674853008038, -0.18472744751541195, 0.2750525074666448, -0.23519164376022755, -0.13544080197875852, 0.2450011695021305, 0.15383813985886247) with normal (0.43045003662162384, -0.241710118542206, -0.2193214151049964, -0.14703266534192866, -0.3344111543312169, 0.43028425848660945, 0.3183538312356131, 0.10151703632172135, -0.10396674853008038, -0.18472744751541195, 0.2750525074666448, -0.23519164376022755, -0.13544080197875852, 0.2450011695021305, 0.15383813985886247)
point (0.3909771796093845, 0.10346982907537618, -0.3866217815933461, -0.4051940550814587, 0.11872356656643018, 0.254399405388401, -0.30368067051307, 0.2874657675389125, 0.35816177980621233, -0.25024879285946344, -0.1723485913385983, -0.0023838688296647387, -0.021767994530767824, -0.09871800130999725, 0.19561755384602925) with normal (0.3909771796093845, 0.10346982907537618, -0.3866217815933461, -0.4051940550814587, 0.11872356656643018, 0.254399405388401, -0.30368067051307, 0.2874657675389125, 0.35816177980621233, -0.25024879285946344, -0.1723485913385983, -0.0023838688296647387, -0.021767994530767824, -0.09871800130999725, 0.19561755384602925)
point (-0.4188412669702767, 0.14525928339146793, -0.2975879273982447, 0.2806974515416184, -0.008539755387321754, -0.0032178176957684272, 0.19256643314149466, -0.35003492323512747, 0.34603028616483583, 0.25468147888920917, -0.09742150551331648, 0.4166391309498596, 0.1849641351948598, -0.1952998983277051, -0.19078791367245443) with normal (-0.4188412669702767, 0.14525928339146793, -0.2975879273982447, 0.2806974515416184, -0.008539755387321754, -0.0032178176957684272, 0.19256643314149466, -0.35003492323512747, 0.34603028616483583, 0.25468147888920917, -0.09742150551331648, 0.4166391309498596, 0.1849641351948598, -0.1952998983277051, -0.19078791367245443)
point (-0.3951166644956748, -0.1766707673303371, 0.16989376438222015, 0.39958508157483147, -0.15844534127325768, -0.27979382353977367, -0.09320650019770123, 0.27509529000419153, 0.21422144961994052, -0.012116062950378651, 0.294685143500555, -0.37557370834310616, -0.1410218483572971, -0.23791066548162973, -0.2931936792813835) with normal (-0.3951166644956748, -0.1766707673303371, 0.16989376438222015, 0.39958508157483147, -0.15844534127325768, -0.27979382353977367, -0.09320650019770123, 0.27509529000419153, 0.21422144961994052, -0.012116062950378651, 0.294685143500555, -0.37557370834310616, -0.1410218483572971, -0.23791066548162973, -0.2931936792813835)
point (0.015024723511836183, 0.356915471507521, -0.2793589817078205, -0.4390149624068213, 0.17193649844616687, 0.04838476006424887, 0.3326479960573379, -0.015317632843814275, 0.16449772836637605, -0.05883091985612582, -0.046126890821635444, -0.36221626970115983, -0.32806071092668965, -0.3114841317141745, 0.3005368065934533) with normal (0.015024723511836183, 0.356915471507521, -0.2793589817078205, -0.4390149624068213, 0.17193649844616687, 0.04838476006424887, 0.3326479960573379, -0.015317632843814275, 0.16449772836637605, -0.05883091985612582, -0.046126890821635444, -0.36221626970115983, -0.32806071092668965, -0.3114841317141745, 0.3005368065934533)
point (0.44323921589364496, -0.22293570808527827, -0.16010208367302864, -0.020233140131808307, 0.3572351962446472, 0.0195310502630067, 0.2187352360577026, -0.45265488050429264, -0.21898473329745363, 0.2744403766315014, -0.30227524030507286, 0.09157665631127955, -0.3340390831514616, 0.11079978602315155, -0.013018387744844775) with normal (0.44323921589364496, -0.22293570808527827, -0.16010208367302864, -0.020233140131808307, 0.3572351962446472, 0.0195310502630067, 0.2187352360577026, -0.45265488050429264, -0.21898473329745363, 0.2744403766315014, -0.30227524030507286, 0.09157665631127955, -0.3340390831514616, 0.11079978602315155, -0.013018387744844775)
point (0.2730232909911338, -0.4017928835822608, -0.14404299280871743, -0.2984645304711168, -0.18918094385528872, 0.3083966623801853, 0.10764838253105144, 0.25658045828841536, -0.20175354612878996, -0.15607935764092082, 0.2829168899061723, -0.3667761575394191, 0.32757000531580466, -0.04226254997555011, 0.2390637106011425) with normal (0.2730232909911338, -0.4017928835822608, -0.14404299280871743, -0.2984645304711168, -0.18918094385528872, 0.3083966623801853, 0.10764838253105144, 0.25658045828841536, -0.20175354612878996, -0.15607935764092082, 0.2829168899061723, -0.3667761575394191, 0.32757000531580466, -0.04226254997555011, 0.2390637106011425)
point (0.39693884667584367, 0.4662627466414407, 0.22229327091096254, 0.29985111536238906, 0.07705804066682098, -0.04913775429659019, -0.08129540891124971, -0.03232213782757437, 0.15873090798821965, -0.17639550828107978, 0.3650869457241474, 0.20844655027002834, 0.20813275656170396, 0.01982669224429846, 0.4392559936479673) with normal (0.39693884667584367, 0.4662627466414407, 0.22229327091096254, 0.29985111536238906, 0.07705804066682098, -0.04913775429659019, -0.08129540891124971, -0.03232213782757437, 0.15873090798821965, -0.17639550828107978, 0.3650869457241474, 0.20844655027002834, 0.20813275656170396, 0.01982669224429846, 0.4392559936479673)
point (-0.2927661873231445, 0.31145733442514517, -0.16591941537107815, -0.1996826993401429, 0.33838568048232553, -0.30766172734031344, 0.3113576044727542, -0.28357085976747937, -0.30741190898267606, -0.2208456753522377, 0.21869135481664004, 0.08520856765071345, -0.27687707231207104, 0.2698654893029633, 0.12455384263362) with normal (-0.2927661873231445, 0.31145733442514517, -0.16591941537107815, -0.1996826993401429, 0.33838568048232553, -0.30766172734031344, 0.3113576044727542, -0.28357085976747937, -0.30741190898267606, -0.2208456753522377, 0.21869135481664004, 0.08520856765071345, -0.27687707231207104, 0.2698654893029633, 0.12455384263362)
point (0.09769146139702381, 0.27612497778786776, -0.07362657476483848, 0.38509375520715, -0.012502685691790116, -0.21998364697561343, -0.18282121744417026, -0.4331902753363331, -0.2550161303416839, 0.40621660235649965, -0.18522699584608324, -0.008433511089370453, -0.035130177657652015, 0.2601267500046352, 0.3969148442758015) with normal (0.09769146139702381, 0.27612497778786776, -0.07362657476483848, 0.38509375520715, -0.012502685691790116, -0.21998364697561343, -0.18282121744417026, -0.4331902753363331, -0.2550161303416839, 0.40621660235649965, -0.18522699584608324, -0.008433511089370453, -0.035130177657652015, 0.2601267500046352, 0.3969148442758015)
point (0.12172727057082569, 0.04690094262636605, -0.012052551168615758, 0.2782382174790822, 0.34263121554056564, -0.24338168288115405, 0.3902590662266788, 0.3951862956467867, -0.035312717808482046, 0.18930151175597226, -0.30988611762132967, -0.40132306085666586, -0.028605531332023974, 0.04309045638606733, -0.351381763533995) with normal (0.12172727057082569, 0.04690094262636605, -0.012052551168615758, 0.2782382174790822, 0.34263121554056564, -0.24338168288115405, 0.3902590662266788, 0.3951862956467867, -0.035312717808482046, 0.18930151175597226, -0.30988611762132967, -0.40132306085666586, -0.028605531332023974, 0.04309045638606733, -0.351381763533995)
point (0.2608385898345228, -0.42293137734864883, -0.37208794852308485, -0.32325634226805966, 0.30502905182914103, -0.0057913124144893195, 0.4086035075945083, -0.08967108941901351, 0.015244735021940644, 0.12329243823892984, 0.35278781521319086, -0.1845317565625286, 0.2498637665985718, 0.07057106007621199, -0.02678372648139605) with normal (0.2608385898345228, -0.42293137734864883, -0.37208794852308485, -0.32325634226805966, 0.30502905182914103, -0.0057913124144893195, 0.4086035075945083, -0.08967108941901351, 0.015244735021940644, 0.12329243823892984, 0.35278781521319086, -0.1845317565625286, 0.2498637665985718, 0.07057106007621199, -0.02678372648139605)
point (0.351638634878063, -0.24122214556581809, -0.24679994153870538, 0.333926850535304, -0.29545856315037894, 0.05567868127804669, -0.2583527729881395, 0.17783771539458276, -0.06530733544136573, -0.32709220555218294, -0.4037479188701213, -0.13708589927885806, -0.3326364773943817, -0.22763507274102918, -0.03811129332571808) with normal (0.351638634878063, -0.24122214556581809, -0.24679994153870538, 0.333926850535304, -0.29545856315037894, 0.05567868127804669, -0.2583527729881395, 0.17783771539458276, -0.06530733544136573, -0.32709220555218294, -0.4037479188701213, -0.13708589927885806, -0.3326364773943817, -0.22763507274102918, -0.03811129332571808)
point (-0.12060886690433713, -0.18259530356133666, -0.3929636599191969, 0.23638959239402874, -0.32129116800915164, 0.25642407775718273, 0.19927492191513504, -0.09658796346596857, -0.3153987863276101, 0.2138856634366936, -0.23413445238462113, 0.3578542452816517, -0.3798222757390466, 0.19852188770529466, 0.10960361445273721) with normal (-0.12060886690433713, -0.18259530356133666, -0.3929636599191969, 0.23638959239402874, -0.32129116800915164, 0.25642407775718273, 0.19927492191513504, -0.09658796346596857, -0.3153987863276101, 0.2138856634366936, -0.23413445238462113, 0.3578542452816517, -0.3798222757390466, 0.19852188770529466, 0.10960361445273721)
point (-0.006124514974248658, 0.3751605927406378, 0.36941255706940834, -0.11375266740132779, 0.3468106113010488, 0.3498476423494985, 0.3184965125518545, -0.22514011109988194, -0.09322189710405125, -0.17699985420878048, 0.2531368740940242, -0.05187251653742834, 0.2768396713245724, 0.31429043328927964, -0.1811233188829896) with normal (-0.006124514974248658, 0.3751605927406378, 0.36941255706940834, -0.11375266740132779, 0.3468106113010488, 0.3498476423494985, 0.3184965125518545, -0.22514011109988194, -0.09322189710405125, -0.17699985420878048, 0.2531368740940242, -0.05187251653742834, 0.2768396713245724, 0.31429043328927964, -0.1811233188829896)
point (0.2677518977157372, 0.1582473133361944, -0.3397208215777255, -0.12054457801914614, -0.35653025119003495, 0.19294184371825035, 0.3020867879843282, -0.4898812254062056, 0.022897080655114775, 0.24147373422010177, -0.3542934878916367, -0.018083671290445694, 0.04409631221615296, 0.07630685176140067, -0.29204983120992806) with normal (0.2677518977157372, 0.1582473133361944, -0.3397208215777255, -0.12054457801914614, -0.35653025119003495, 0.19294184371825035, 0.3020867879843282, -0.4898812254062056, 0.022897080655114775, 0.24147373422010177, -0.3542934878916367, -0.018083671290445694, 0.04409631221615296, 0.07630685176140067, -0.29204983120992806)
point (0.28811165146300366, -0.33466390168064586, 0.10400322898452552, -0.016129553240477715, -0.35593646471741397, 0.10417619787856858, -0.41963593823438905, 0.0813155152693579, -0.37970197554363316, -0.37879320791917714, 0.16001404711131106, -0.1956414794774279, 0.09247123596978218, 0.3109306689379095, -0.1299929057464627) with normal (0.28811165146300366, -0.33466390168064586, 0.10400322898452552, -0.016129553240477715, -0.35593646471741397, 0.10417619787856858, -0.41963593823438905, 0.0813155152693579, -0.37970197554363316, -0.37879320791917714, 0.16001404711131106, -0.1956414794774279, 0.09247123596978218, 0.3109306689379095, -0.1299929057464627)
point (0.0665960542963457, -0.03474239385947937, -0.3466673436043964, -0.0807433761144923, 0.31300118977252, -0.015820746284648742, 0.13828430675617945, -0.23519538718983254, -0.26653599282389506, 0.3991205495584447, -0.2075799482201527, 0.3768923619401481, 0.3589901471549267, -0.22050715191798503, 0.3194173844781946) with normal (0.0665960542963457, -0.03474239385947937, -0.3466673436043964, -0.0807433761144923, 0.31300118977252, -0.015820746284648742, 0.13828430675617945, -0.23519538718983254, -0.26653599282389506, 0.3991205495584447, -0.2075799482201527, 0.3768923619401481, 0.3589901471549267, -0.22050715191798503, 0.3194173844781946)
point (0.3561722259237109, 0.1163625570998883, -0.18222640366485737, 0.01828751333340765, 0.14238033605681852, -0.3876822360205061, -0.38596122496313495, 0.15092705763486963, 0.19499697308823846, 0.18573565481912735, 0.13844938605950455, 0.10061614134016339, 0.33642171633850254, -0.33444654115491934, 0.39610356199934227) with normal (0.3561722259237109, 0.1163625570998883, -0.18222640366485737, 0.01828751333340765, 0.14238033605681852, -0.3876822360205061, -0.38596122496313495, 0.15092705763486963, 0.19499697308823846, 0.18573565481912735, 0.13844938605950455, 0.10061614134016339, 0.33642171633850254, -0.33444654115491934, 0.39610356199934227)
point (0.3875054455855275, 0.243537751158822, 0.2697640540959184, -0.2702305052708814, 0.11028907384014623, -0.39403179145192296, 0.10522968533931817, -0.2342359291024495, 0.30509117678522574, 0.16607376558813214, 0.17917027255331144, 0.007614435553846146, 0.3907130753725919, -0.2781372122546623, 0.1689056802658341) with normal (0.3875054455855275, 0.243537751158822, 0.2697640540959184, -0.2702305052708814, 0.11028907384014623, -0.39403179145192296, 0.10522968533931817, -0.2342359291024495, 0.30509117678522574, 0.16607376558813214, 0.17917027255331144, 0.007614435553846146, 0.3907130753725919, -0.2781372122546623, 0.1689056802658341)
point (-0.06827981783982501, 0.4714272767057889, -0.4137385729217862, 0.08152093590026, 0.0635513664927939, 0.1530168130237367, 0.3846350869595617, -0.2394181799096521, -0.2375264247155734, 0.19535636681882532, -0.15325585067021147, 0.1013669141408202, -0.17431414537233342, -0.44908703895565855, -0.04626741748450798) with normal (-0.06827981783982501, 0.4714272767057889, -0.4137385729217862, 0.08152093590026, 0.0635513664927939, 0.1530168130237367, 0.3846350869595617, -0.2394181799096521, -0.2375264247155734, 0.19535636681882532, -0.15325585067021147, 0.1013669141408202, -0.17431414537233342, -0.44908703895565855, -0.04626741748450798)
point (0.26403369385636094, -0.3270864255571358, -0.22025610520343986, 0.3027804085312834, 0.29699938363548306, 0.3567610869489683, -0.18740811363046533, 0.2503779503150718, -0.3339814994576435, -0.2596433439570185, 0.19638146207844856, -0.0365818069984988, 0.10610808994439966, 0.26462549622927656, 0.26394342131780224) with normal (0.26403369385636094, -0.3270864255571358, -0.22025610520343986, 0.3027804085312834, 0.29699938363548306, 0.3567610869489683, -0.18740811363046533, 0.2503779503150718, -0.3339814994576435, -0.2596433439570185, 0.19638146207844856, -0.0365818069984988, 0.10610808994439966, 0.26462549622927656, 0.26394342131780224)
point (0.2157481435775101, 0.19114756793881552, -0.26618454904278555, -0.1531982505470928, 0.055079541387494435, -0.2438001371499746, 0.10802665557680129, 0.048667938501432945, 0.12275657555409919, -0.46311160150048103, -0.4581217528952405, 0.08645088169090988, -0.3226144467980862, -0.39726922698921835, 0.1930986553157285) with normal (0.2157481435775101, 0.19114756793881552, -0.26618454904278555, -0.1531982505470928, 0.055079541387494435, -0.2438001371499746, 0.10802665557680129, 0.048667938501432945, 0.12275657555409919, -0.46311160150048103, -0.4581217528952405, 0.08645088169090988, -0.3226144467980862, -0.39726922698921835, 0.1930986553157285)
point (-0.38163089319116994, -0.20790837348470134, 0.2460264392575422, 0.17242597830492154, -0.028118975103571565, 0.25153160961582854, -0.3465617228728944, -0.016912319191460273, 0.3824404382703501, -0.21717244866327426, -0.03881923896069349, -0.01568317765721814, -0.36010822757127575, -0.3243877685013806, 0.32609744634919746) with normal (-0.38163089319116994, -0.20790837348470134, 0.2460264392575422, 0.17242597830492154, -0.028118975103571565, 0.25153160961582854, -0.3465617228728944, -0.016912319191460273, 0.3824404382703501, -0.21717244866327426, -0.03881923896069349, -0.01568317765721814, -0.36010822757127575, -0.3243877685013806, 0.32609744634919746)
point (-0.1605633248345383, -0.45531543257869556, -0.2425349848801289, -0.12737784647152225, -0.3348997062870279, -0.1783106535560134, 0.09987332082280521, -0.24101221775753914, -0.02581162513148962, -0.3873321641282102, 0.036016872613425455, 0.2815783319932404, 0.3229450255862996, -0.3750391899089495, 0.06017448054049745) with normal (-0.1605633248345383, -0.45531543257869556, -0.2425349848801289, -0.12737784647152225, -0.3348997062870279, -0.1783106535560134, 0.09987332082280521, -0.24101221775753914, -0.02581162513148962, -0.3873321641282102, 0.036016872613425455, 0.2815783319932404, 0.3229450255862996, -0.3750391899089495, 0.06017448054049745)
point (-0.2347862933086617, 0.35180375457469953, 0.08081359400121142, 0.13030576185083212, -0.3973584423936237, -0.3407073344215649, -0.2880848592033217, -0.07329542482983685, -0.14703398084838892, 0.3756850886357239, -0.19018089099881105, -0.15894523683490455, 0.14778403031948367, 0.2507018117553732, 0.355494875244958) with normal (-0.2347862933086617, 0.35180375457469953, 0.08081359400121142, 0.13030576185083212, -0.3973584423936237, -0.3407073344215649, -0.2880848592033217, -0.07329542482983685, -0.14703398084838892, 0.3756850886357239, -0.19018089099881105, -0.15894523683490455, 0.14778403031948367, 0.2507018117553732, 0.355494875244958)
point (0.22260439294313686, -0.026849003615344365, -0.3379694526674215, 0.18724518338740848, 0.3464915120871291, -0.3250707701476856, 0.2901751149249377, 0.21130836599088432, 0.19524168282902, 0.11443814429370916, -0.25671955950387526, 0.368699075321707, -0.2618140073686924, -0.32482859623444754, 0.13690352023440117) with normal (0.22260439294313686, -0.026849003615344365, -0.3379694526674215, 0.18724518338740848, 0.3464915120871291, -0.3250707701476856, 0.2901751149249377, 0.21130836599088432, 0.19524168282902, 0.11443814429370916, -0.25671955950387526, 0.368699075321707, -0.2618140073686924, -0.32482859623444754, 0.13690352023440117)
point (-0.36072570468335574, -0.0028762439703500704, 0.4678441961835978, -0.20928579340937079, 0.44409021003588695, 0.1472126586189031, -0.15485484889368142, 0.2587568838079987, -0.10150571225872798, 0.2675899262161268, 0.3390073643493582, -0.05844838311855708, 0.2857593116306013, 0.09208589391008672, 0.08354008904584231) with normal (-0.36072570468335574, -0.0028762439703500704, 0.4678441961835978, -0.20928579340937079, 0.44409021003588695, 0.1472126586189031, -0.15485484889368142, 0.2587568838079987, -0.10150571225872798, 0.2675899262161268, 0.3390073643493582, -0.05844838311855708, 0.2857593116306013, 0.09208589391008672, 0.08354008904584231)
point (0.35287580765951554, 0.17120199198808175, 0.2007003054955034, -0.18525370695931398, 0.0202032459529422, -0.29515180830870413, 0.10882051581586402, -0.09500557183823108, 0.27713764606501684, -0.3733574351935481, -0.344134711622812, -0.33232939982223203, 0.2927813844332592, -0.11819635918169595, 0.3441138937866069) with normal (0.35287580765951554, 0.17120199198808175, 0.2007003054955034, -0.18525370695931398, 0.0202032459529422, -0.29515180830870413, 0.10882051581586402, -0.09500557183823108, 0.27713764606501684, -0.3733574351935481, -0.344134711622812, -0.33232939982223203, 0.2927813844332592, -0.11819635918169595, 0.3441138937866069)
point (-0.4335679191977331, -0.02830121398024404, 0.04761385233615981, -0.3429885666739726, 0.3785588371765884, 0.3211748730119551, -0.39353140012660437, 0.19636627266423845, -0.2522765047253224, -0.006789066229508128, -0.12859857082063525, -0.2509565206082383, -0.07247439627149603, 0.17851382077233163, 0.2666399829560408) with normal (-0.4335679191977331, -0.02830121398024404, 0.04761385233615981, -0.3429885666739726, 0.3785588371765884, 0.3211748730119551, -0.39353140012660437, 0.19636627266423845, -0.2522765047253224, -0.006789066229508128, -0.12859857082063525, -0.2509565206082383, -0.07247439627149603, 0.17851382077233163, 0.2666399829560408)
point (-0.27648139956934786, 0.23212162877350684, -0.31208525962627875, -0.4173249421345547, -0.11064076691276496, 0.26125735678613304, 0.19393327263211946, -0.3552533200705344, 0.23894620963643232, -0.4283636191666147, -0.16714874284916623, 0.15229495659288633, -0.06705050618529372, -0.09064666813445596, 0.22219973204940777) with normal (-0.27648139956934786, 0.23212162877350684, -0.31208525962627875, -0.4173249421345547, -0.11064076691276496, 0.26125735678613304, 0.19393327263211946, -0.3552533200705344, 0.23894620963643232, -0.4283636191666147, -0.16714874284916623, 0.15229495659288633, -0.06705050618529372, -0.09064666813445596, 0.22219973204940777)
point (-0.15295463601161707, -0.18950239459850088, -0.24321353744528812, -0.047144137654889305, 0.2313808941872943, -0.31967785238262736, 0.45472067986976183, -0.11009729439638564, 0.13942519318672847, 0.4238994530027641, 0.20330975766704099, 0.11323971046935974, -0.015113972171851004, -0.4266187756629646, 0.2630109058092796) with normal (-0.15295463601161707, -0.18950239459850088, -0.24321353744528812, -0.047144137654889305, 0.2313808941872943, -0.31967785238262736, 0.45472067986976183, -0.11009729439638564, 0.13942519318672847, 0.4238994530027641, 0.20330975766704099, 0.11323971046935974, -0.015113972171851004, -0.4266187756629646, 0.2630109058092796)
point (-0.064017613534078, -0.19606180155754319, -0.3755353166023604, 0.1506914142149043, -0.2829408944640055, -0.003059967426623113, -0.162492210597325, -0.2549555474541728, -0.2916124770842072, -0.30001428203363945, 0.4059808320764119, 0.4209992146092197, 0.15907124900710629, -0.2797182698087446, 0.040034014220680106) with normal (-0.064017613534078, -0.19606180155754319, -0.3755353166023604, 0.1506914142149043, -0.2829408944640055, -0.003059967426623113, -0.162492210597325, -0.2549555474541728, -0.2916124770842072, -0.30001428203363945, 0.4059808320764119, 0.4209992146092197, 0.15907124900710629, -0.2797182698087446, 0.040034014220680106)
point (-0.3157842009498038, -0.3658927142905409, 0.17568650231309052, 0.31714208762126167, 0.22176071969897104, -0.33742441527223255, 0.008886146531295783, 0.31565393866915503, -0.2890657138498666, -0.11567443507319929, 0.2907301278053083, 0.23748227411980743, -0.24368598849463186, 0.1450824319993147, 0.23219692321775132) with normal (-0.3157842009498038, -0.3658927142905409, 0.17568650231309052, 0.31714208762126167, 0.22176071969897104, -0.33742441527223255, 0.008886146531295783, 0.31565393866915503, -0.2890657138498666, -0.11567443507319929, 0.2907301278053083, 0.23748227411980743, -0.24368598849463186, 0.1450824319993147, 0.23219692321775132)
point (0.13136147744410223, 0.2839612123718787, -0.08662460235119217, 0.1640477344705652, 0.34305819934647025, -0.39868830179931286, 0.03646794593135309, 0.3934538984827605, 0.24785224819594795, 0.31468734379375196, -0.052658257186885445, -0.3564395657133438, 0.10892315129849073, -0.21913936124814717, 0.2911190647822661) with normal (0.13136147744410223, 0.2839612123718787, -0.08662460235119217, 0.1640477344705652, 0.34305819934647025, -0.39868830179931286, 0.03646794593135309, 0.3934538984827605, 0.24785224819594795, 0.31468734379375196, -0.052658257186885445, -0.3564395657133438, 0.10892315129849073, -0.21913936124814717, 0.2911190647822661)
point (-0.02389331322407782, 0.2510176685873537, 0.020531247218099097, -0.30797670191722454, 0.04603157804386752, -0.34773634842954765, -0.33839341132441275, -0.3385719495913801, -0.41079357781867537, -0.06888493526357913, 0.043448748769912345, -0.30671828039375443, 0.27929408524540367, -0.29150087069212155, 0.23775865847905145) with normal (-0.02389331322407782, 0.2510176685873537, 0.020531247218099097, -0.30797670191722454, 0.04603157804386752, -0.34773634842954765, -0.33839341132441275, -0.3385719495913801, -0.41079357781867537, -0.06888493526357913, 0.043448748769912345, -0.30671828039375443, 0.27929408524540367, -0.29150087069212155, 0.23775865847905145)
point (0.03917510425026258, -0.19354062172946543, 0.3033957704507019, 0.2617975805412713, -0.3636648923917078, 0.37679849618317857, 0.4038252770515238, -0.23237416419743329, -0.08304215664365577, 0.3126776081688739, -0.0749216894032451, -0.10473531649743993, -0.3338186936862948, -0.08874846218655894, -0.2618420567757318) with normal (0.03917510425026258, -0.19354062172946543, 0.3033957704507019, 0.2617975805412713, -0.3636648923917078, 0.37679849618317857, 0.4038252770515238, -0.23237416419743329, -0.08304215664365577, 0.3126776081688739, -0.0749216894032451, -0.10473531649743993, -0.3338186936862948, -0.08874846218655894, -0.2618420567757318)
point (-0.3088241035288034, 0.30857336019319337, -0.06525264085836799, -0.16963867003883903, 0.13932307647074463, -0.37633068286229693, 0.3313116780003007, -0.10562058064932263, -0.33604617629606776, -0.40684049926223026, -0.036261793790627904, 0.267201626141356, -0.2973804058538535, -0.20947060391306224, 0.10461950380340927) with normal (-0.3088241035288034, 0.30857336019319337, -0.06525264085836799, -0.16963867003883903, 0.13932307647074463, -0.37633068286229693, 0.3313116780003007, -0.10562058064932263, -0.33604617629606776, -0.40684049926223026, -0.036261793790627904, 0.267201626141356, -0.2973804058538535, -0.20947060391306224, 0.10461950380340927)
point (0.20169825802496852, -0.4170591348870793, 0.026898004759003544, -0.3909275863290218, -0.07743058459370591, 0.36582784927338186, 0.13250023835448593, 0.17451717109632134, -0.38566178006846097, -0.208122344634465, -0.37117626605052395, 0.2788727341211951, 0.15229228191544653, -0.0516910691208753, 0.10264938569168441) with normal (0.20169825802496852, -0.4170591348870793, 0.026898004759003544, -0.3909275863290218, -0.07743058459370591, 0.36582784927338186, 0.13250023835448593, 0.17451717109632134, -0.38566178006846097, -0.208122344634465, -0.37117626605052395, 0.2788727341211951, 0.15229228191544653, -0.0516910691208753, 0.10264938569168441)
point (0.3344989262055158, -0.022737920510971555, 0.21490962362544916, 0.25780440987233827, 0.012876024056027606, -0.2829108259269627, -0.04514803728486709, -0.38658710496890447, 0.3686096095298476, -0.3494433947004683, -0.3069880094785609, 0.32075961133812453, 0.09377751778699406, -0.006553346393897854, 0.2816072923105485) with normal (0.3344989262055158, -0.022737920510971555, 0.21490962362544916, 0.25780440987233827, 0.012876024056027606, -0.2829108259269627, -0.04514803728486709, -0.38658710496890447, 0.3686096095298476, -0.3494433947004683, -0.3069880094785609, 0.32075961133812453, 0.09377751778699406, -0.006553346393897854, 0.2816072923105485)
point (-0.3074870536151938, 0.469835531834578, -0.14944831818803345, 0.3481283515783581, 0.1945998724246805, 0.2661813523825808, 0.0632670692821574, 0.02881691366487002, 0.3082155720916253, -0.3494834481215493, 0.1544869349285649, -0.14742994569097378, 0.19176544425653264, -0.09238811660122645, -0.3457983597263545) with normal (-0.3074870536151938, 0.469835531834578, -0.14944831818803345, 0.3481283515783581, 0.1945998724246805, 0.2661813523825808, 0.0632670692821574, 0.02881691366487002, 0.3082155720916253, -0.3494834481215493, 0.1544869349285649, -0.14742994569097378, 0.19176544425653264, -0.09238811660122645, -0.3457983597263545)
point (-0.3751179677623043, -0.2771499335705624, -0.3157686978619079, -0.1786012734842607, -0.2148861918763929, 0.27353072852474636, 0.09611352966785047, -0.3514817145001214, -0.24193488492027942, 0.33553124377969723, -0.20779085448364915, -0.10568247278506851, -0.15682175022657235, -0.3519658237178409, -0.1521882625575246) with normal (-0.3751179677623043, -0.2771499335705624, -0.3157686978619079, -0.1786012734842607, -0.2148861918763929, 0.27353072852474636, 0.09611352966785047, -0.3514817145001214, -0.24193488492027942, 0.33553124377969723, -0.20779085448364915, -0.10568247278506851, -0.15682175022657235, -0.3519658237178409, -0.1521882625575246)
point (0.07821296542919233, 0.00516183948814565, -0.32423295266353774, -0.2058242330647763, -0.08834170445450237, 0.4346595103341132, -0.2480275173370948, -0.17334194566076838, -0.015174242708410451, -0.5272981585287911, -0.18563639432529316, 0.2859830503927502, -0.1296546725023043, -0.16036266949617642, -0.3478791992650385) with normal (0.07821296542919233, 0.00516183948814565, -0.32423295266353774, -0.2058242330647763, -0.08834170445450237, 0.4346595103341132, -0.2480275173370948, -0.17334194566076838, -0.015174242708410451, -0.5272981585287911, -0.18563639432529316, 0.2859830503927502, -0.1296546725023043, -0.16036266949617642, -0.3478791992650385)
point (-0.3786602363590416, 0.036301430012854616, 0.26689315030343647, -0.43101291823223314, 0.15381518497273158, 0.18823492134289943, -0.25036537098639033, -0.297797825181285, -0.39743186154056315, -0.09343023348238429, -0.31004464894868755, -0.08419513939928551, 0.03959027118892227, 0.27513638186772615, 0.20167167542352862) with normal (-0.3786602363590416, 0.036301430012854616, 0.26689315030343647, -0.43101291823223314, 0.15381518497273158, 0.18823492134289943, -0.25036537098639033, -0.297797825181285, -0.39743186154056315, -0.09343023348238429, -0.31004464894868755, -0.08419513939928551, 0.03959027118892227, 0.27513638186772615, 0.20167167542352862)
point (-0.1042410394831256, 0.3053273516924582, 0.05741313067137749, 0.3832949704410179, 0.28756438012165364, 0.4828356474163692, 0.1372414009203984, -0.007961547769189342, 0.20604641807970558, -0.0401863023092546, -0.4128488791993462, -0.12757734431636264, -0.17890045626197107, -0.38398007453179156, -0.02718964017685372) with normal (-0.1042410394831256, 0.3053273516924582, 0.05741313067137749, 0.3832949704410179, 0.28756438012165364, 0.4828356474163692, 0.1372414009203984, -0.007961547769189342, 0.20604641807970558, -0.0401863023092546, -0.4128488791993462, -0.12757734431636264, -0.17890045626197107, -0.38398007453179156, -0.02718964017685372)
point (-0.25907210484302456, -0.310959033243579, -0.27010693236752437, -0.3402842168021721, 0.05426797831765117, 0.13921358758409136, 0.29491242500931514, -0.3533847192878696, -0.3005941805767356, -0.33067431890098903, -0.19909379622572945, -0.09573096152806383, 0.21420799129789375, 0.2754132986956757, -0.20739530955833554) with normal (-0.25907210484302456, -0.310959033243579, -0.27010693236752437, -0.3402842168021721, 0.05426797831765117, 0.13921358758409136, 0.29491242500931514, -0.3533847192878696, -0.3005941805767356, -0.33067431890098903, -0.19909379622572945, -0.09573096152806383, 0.21420799129789375, 0.2754132986956757, -0.20739530955833554)
point (-0.14939834423761328, -0.17577723790948757, -0.33445104326889835, -0.07449381721611374, -0.27807881949961605, -0.367095060455683, -0.44511498218212764, 0.0019489255810444348, 0.16410093756773564, -0.2753453344827151, 0.23587765089596105, -0.28631277702499336, -0.10664145310857524, 0.12407558131100493, -0.38991449892889357) with normal (-0.14939834423761328, -0.17577723790948757, -0.33445104326889835, -0.07449381721611374, -0.27807881949961605, -0.367095060455683, -0.44511498218212764, 0.0019489255810444348, 0.16410093756773564, -0.2753453344827151, 0.23587765089596105, -0.28631277702499336, -0.10664145310857524, 0.12407558131100493, -0.38991449892889357)
point (-0.15971979624043903, 0.26341366868450566, 0.3766226504098878, -0.11934854331913969, -0.19425912076899546, 0.35182464170567607, 0.14913813413807436, 0.12045094945694061, -0.10330867744145242, 0.40599662802755065, -0.35907064373943787, -0.05131068458094809, -0.3778303101006478, 0.27399629436123096, 0.1607674113303952) with normal (-0.15971979624043903, 0.26341366868450566, 0.3766226504098878, -0.11934854331913969, -0.19425912076899546, 0.35182464170567607, 0.14913813413807436, 0.12045094945694061, -0.10330867744145242, 0.40599662802755065, -0.35907064373943787, -0.05131068458094809, -0.3778303101006478, 0.27399629436123096, 0.1607674113303952)
point (0.15561904588865025, -0.3812522512053628, 0.15291440792028252, 0.4857131021145095, -0.2941043346233524, -0.12571033199279982, -0.036755420864319155, -0.16686742886943542, -0.05695056454035272, 0.004147438300043329, 0.5004131936419928, 0.13077920531360487, 0.4107597912541082, 0.0076819046948229785, -0.008573334685607047) with normal (0.15561904588865025, -0.3812522512053628, 0.15291440792028252, 0.4857131021145095, -0.2941043346233524, -0.12571033199279982, -0.036755420864319155, -0.16686742886943542, -0.05695056454035272, 0.004147438300043329, 0.5004131936419928, 0.13077920531360487, 0.4107597912541082, 0.0076819046948229785, -0.008573334685607047)
point (-0.37341719964339887, 0.224576687545139, -0.32185726602385173, -0.16765750632995033, 0.32493924871582636, -0.3060056106678981, -0.2393831174358817, -0.43711239045671324, -0.15652035825612196, 0.26105415742232174, -0.298304865955481, -0.049955191170675255, -0.0732631436978883, 0.019527045071976515, 0.20235932356283381) with normal (-0.37341719964339887, 0.224576687545139, -0.32185726602385173, -0.16765750632995033, 0.32493924871582636, -0.3060056106678981, -0.2393831174358817, -0.43711239045671324, -0.15652035825612196, 0.26105415742232174, -0.298304865955481, -0.049955191170675255, -0.0732631436978883, 0.019527045071976515, 0.20235932356283381)
point (-0.4004614878323087, 0.10268522972476149, -0.30233005766237664, -0.4425439175431815, 0.19584123007935245, -0.20907699109929392, -0.36148489183162846, 0.17991464396525808, -0.1420580435677652, -0.2557833222630848, -0.312738066390122, 0.08903356556715765, 0.29155940055358587, 0.01404606072699534, -0.14208564447796337) with normal (-0.4004614878323087, 0.10268522972476149, -0.30233005766237664, -0.4425439175431815, 0.19584123007935245, -0.20907699109929392, -0.36148489183162846, 0.17991464396525808, -0.1420580435677652, -0.2557833222630848, -0.312738066390122, 0.08903356556715765, 0.29155940055358587, 0.01404606072699534, -0.14208564447796337)
point (0.3543741208344658, -0.09850669740508733, 0.3584397437796921, -0.11587026515197985, -0.32756669488927753, -0.3543277448533154, -0.39733358514470124, -0.24371721015440337, 0.09448839463072717, 0.2564031364149325, 0.2123826339089053, -0.17385571094158236, -0.3488089467053482, -0.021503141732116555, 0.023609639907302474) with normal (0.3543741208344658, -0.09850669740508733, 0.3584397437796921, -0.11587026515197985, -0.32756669488927753, -0.3543277448533154, -0.39733358514470124, -0.24371721015440337, 0.09448839463072717, 0.2564031364149325, 0.2123826339089053, -0.17385571094158236, -0.3488089467053482, -0.021503141732116555, 0.023609639907302474)
point (0.09357439646845836, -0.12058059843958359, 0.11963163032752436, 0.34885843212202544, 0.14289698089575104, 0.1300071791025962, -0.3921716946269089, 0.09320622377414199, 0.04736190928044264, 0.027703256493884727, 0.3747329555268632, 0.4026006545052054, 0.39425580968212953, -0.2963603272915509, -0.30346825877924205) with normal (0.09357439646845836, -0.12058059843958359, 0.11963163032752436, 0.34885843212202544, 0.14289698089575104, 0.1300071791025962, -0.3921716946269089, 0.09320622377414199, 0.04736190928044264, 0.027703256493884727, 0.3747329555268632, 0.4026006545052054, 0.39425580968212953, -0.2963603272915509, -0.30346825877924205)
point (0.3769876875049901, 0.1536660921949851, -0.3198771284202942, 0.036211726484031634, -0.03149783969118459, 0.18278045386947325, 0.32311655986883586, 0.09645048056120825, 0.3602145742221513, 0.36396019466709234, 0.3269991067737215, -0.17180179799874987, -0.039976730657593613, 0.3304392502734909, -0.2703191834627141) with normal (0.3769876875049901, 0.1536660921949851, -0.3198771284202942, 0.036211726484031634, -0.03149783969118459, 0.18278045386947325, 0.32311655986883586, 0.09645048056120825, 0.3602145742221513, 0.36396019466709234, 0.3269991067737215, -0.17180179799874987, -0.039976730657593613, 0.3304392502734909, -0.2703191834627141)
point (-0.1543731841636339, 0.18944909658252848, -0.2691781740303558, 0.26068364200532224, -0.3244551916201196, 0.25848168192319637, 0.27389693737380455, -0.11214170559130082, 0.27829466836720795, -0.432018578171515, 0.14839390639713781, -0.14158186250342886, 0.39048246937373077, -0.21809967088294685, 0.1843575022526885) with normal (-0.1543731841636339, 0.18944909658252848, -0.2691781740303558, 0.26068364200532224, -0.3244551916201196, 0.25848168192319637, 0.27389693737380455, -0.11214170559130082, 0.27829466836720795, -0.432018578171515, 0.14839390639713781, -0.14158186250342886, 0.39048246937373077, -0.21809967088294685, 0.1843575022526885)
point (-0.12154715581826334, 0.23801056769626788, -0.1600220760176203, 0.011477376853765969, -0.019242743090638025, -0.332830671510356, -0.4225035694210126, -0.05012196388198122, 0.1728273957321789, 0.1976923591612343, 0.25082037282852926, -0.19121642496456692, 0.2538925347389962, 0.4207442890464812, 0.4480592739120501) with normal (-0.12154715581826334, 0.23801056769626788, -0.1600220760176203, 0.011477376853765969, -0.019242743090638025, -0.332830671510356, -0.4225035694210126, -0.05012196388198122, 0.1728273957321789, 0.1976923591612343, 0.25082037282852926, -0.19121642496456692, 0.2538925347389962, 0.4207442890464812, 0.4480592739120501)
point (0.09428489237150593, 0.1276196310001655, -0.1819121208672268, -0.4020668342773974, 0.40523775839039466, -0.21609629843980388, -0.2505533092653152, -0.18134844219846374, -0.11847243310526587, 0.3303910614185015, 0.2840873812885652, -0.10294054578728981, -0.21717893534431842, -0.43261867864696146, 0.1570744488970361) with normal (0.09428489237150593, 0.1276196310001655, -0.1819121208672268, -0.4020668342773974, 0.40523775839039466, -0.21609629843980388, -0.2505533092653152, -0.18134844219846374, -0.11847243310526587, 0.3303910614185015, 0.2840873812885652, -0.10294054578728981, -0.21717893534431842, -0.43261867864696146, 0.1570744488970361)
point (-0.24296163476697158, -0.14961516068876118, 0.11697930103188205, 0.2334063941635721, 0.285454101634443, -0.1066579325790973, 0.077888308271794, -0.3353546600000084, 0.303676248671426, -0.2899056414670525, -0.18945475404196993, -0.2636688216875876, -0.2343176794011641, 0.3830982925582607, 0.3945693573811231) with normal (-0.24296163476697158, -0.14961516068876118, 0.11697930103188205, 0.2334063941635721, 0.285454101634443, -0.1066579325790973, 0.077888308271794, -0.3353546600000084, 0.303676248671426, -0.2899056414670525, -0.18945475404196993, -0.2636688216875876, -0.2343176794011641, 0.3830982925582607, 0.3945693573811231)
point (0.34139594288625674, 0.28006598437692354, -0.14074535765541363, -0.346694231209727, 0.36727168991576686, -0.06374432649893456, -0.3467842642581014, 0.15891860231121405, 0.016589676909499307, 0.05096685579252335, 0.39047846891263166, -0.11210196314577046, -0.30684748983057597, -0.34359903929821123, -0.020263835554037667) with normal (0.34139594288625674, 0.28006598437692354, -0.14074535765541363, -0.346694231209727, 0.36727168991576686, -0.06374432649893456, -0.3467842642581014, 0.15891860231121405, 0.016589676909499307, 0.05096685579252335, 0.39047846891263166, -0.11210196314577046, -0.30684748983057597, -0.34359903929821123, -0.020263835554037667)
point (0.1702068477761763, -0.14304140208121108, 0.08860463100595875, 0.43075985032848446, -0.23761742340102368, -0.07840071141414488, 0.3750939121385543, 0.016975415305976446, -0.05455450848162381, 0.03478320407212072, 0.35539448770477255, 0.19459996683385525, 0.37644274926998156, -0.23726152717435153, -0.4326765621672843) with normal (0.1702068477761763, -0.14304140208121108, 0.08860463100595875, 0.43075985032848446, -0.23761742340102368, -0.07840071141414488, 0.3750939121385543, 0.016975415305976446, -0.05455450848162381, 0.03478320407212072, 0.35539448770477255, 0.19459996683385525, 0.37644274926998156, -0.23726152717435153, -0.4326765621672843)
point (0.2702179878737366, -0.28668965716194117, 0.3347179348723173, -0.2857342946692135, 0.31384959437267335, 0.2372456912606669, 0.08102996230006729, -0.32131612726723474, 0.24903066838868715, 0.2533583447906127, 0.3512749468511501, -0.21339377842033797, 0.19464676374876708, 0.17616813879228124, 0.14984594988915156) with normal (0.2702179878737366, -0.28668965716194117, 0.3347179348723173, -0.2857342946692135, 0.31384959437267335, 0.2372456912606669, 0.08102996230006729, -0.32131612726723474, 0.24903066838868715, 0.2533583447906127, 0.3512749468511501, -0.21339377842033797, 0.19464676374876708, 0.17616813879228124, 0.14984594988915156)
point (-0.3701800369508414, -0.26749404799237403, 0.09321372462964585, 0.3078131003527296, -0.2042645547683828, -0.3842509665261847, 0.26174414952501857, -0.24572454088319592, 0.22724448204675582, -0.004701946571005874, -0.001772867069563842, -0.32162968699518935, -0.08509052769077917, -0.34367843574608736, -0.2987413283656499) with normal (-0.3701800369508414, -0.26749404799237403, 0.09321372462964585, 0.3078131003527296, -0.2042645547683828, -0.3842509665261847, 0.26174414952501857, -0.24572454088319592, 0.22724448204675582, -0.004701946571005874, -0.001772867069563842, -0.32162968699518935, -0.08509052769077917, -0.34367843574608736, -0.2987413283656499)
point (-0.42187489794582234, 0.10024239517229198, 0.17135900143209312, 0.07905277854370062, -0.12295222081307776, 0.42101161541329435, 0.17598843830803637, -0.2599992640582299, -0.052297529670811846, 0.19598492254923144, -0.44386582876063435, 0.14999384889777193, -0.17377185938974934, 0.2980836656703497, -0.32513001384256224) with normal (-0.42187489794582234, 0.10024239517229198, 0.17135900143209312, 0.07905277854370062, -0.12295222081307776, 0.42101161541329435, 0.17598843830803637, -0.2599992640582299, -0.052297529670811846, 0.19598492254923144, -0.44386582876063435, 0.14999384889777193, -0.17377185938974934, 0.2980836656703497, -0.32513001384256224)
point (0.36023736679781687, -0.3336247494326453, 0.37760579871440203, 0.26186138263849285, -0.23426926440336218, 0.27417695968751576, -0.20066675415035548, 0.11547156517120252, 0.17783749859771233, 0.24789942676557117, -0.03172215820337053, -0.31244672311117444, 0.008693669805508814, 0.19955574518502764, -0.36400892022499526) with normal (0.36023736679781687, -0.3336247494326453, 0.37760579871440203, 0.26186138263849285, -0.23426926440336218, 0.27417695968751576, -0.20066675415035548, 0.11547156517120252, 0.17783749859771233, 0.24789942676557117, -0.03172215820337053, -0.31244672311117444, 0.008693669805508814, 0.19955574518502764, -0.36400892022499526)
point (-0.29715722033248093, 0.07320547538974681, -0.19412858600227087, -0.3238147004714524, -0.360345586251703, 0.22740400706760208, 0.1555957565048007, -0.3044144485806237, 0.2540090052888522, 0.07591637014900846, 0.35923573082523136, 0.3462615065347243, 0.3043689505437174, 0.09794286930270475, -0.20950532639564562) with normal (-0.29715722033248093, 0.07320547538974681, -0.19412858600227087, -0.3238147004714524, -0.360345586251703, 0.22740400706760208, 0.1555957565048007, -0.3044144485806237, 0.2540090052888522, 0.07591637014900846, 0.35923573082523136, 0.3462615065347243, 0.3043689505437174, 0.09794286930270475, -0.20950532639564562)
point (-0.24180207547377497, -0.019479493358402083, 0.05758630633954392, -0.1714639298665708, -0.3488498486535815, -0.324828160535766, -0.058561731207536424, -0.2307218399740566, 0.2706571514414718, -0.3979774829540262, 0.19698059946712562, 0.14475966889014577, 0.36822021478237427, -0.3629961209458588, -0.25654288113622536) with normal (-0.24180207547377497, -0.019479493358402083, 0.05758630633954392, -0.1714639298665708, -0.3488498486535815, -0.324828160535766, -0.058561731207536424, -0.2307218399740566, 0.2706571514414718, -0.3979774829540262, 0.19698059946712562, 0.14475966889014577, 0.36822021478237427, -0.3629961209458588, -0.25654288113622536)

